% latex table generated in R 3.1.1 by xtable 1.7-4 package
% Thu Nov 12 12:17:58 2015
\begin{table}[p]
\centering
\caption{Cambios de cuberta 1985--2005 (km²), Golfo Ártabro (GAP 1 )} 
\label{TaboaContinxGAP1}
\begin{tabular}{rrrrrr}
  \hline
 & SAU & Mato & Arb-plant & Arb-revex & Artificial \\ 
  \hline
SAU & 232.17 & 13.94 & 115.19 & 19.42 & 72.92 \\ 
  Mato & 25.70 & 60.85 & 83.76 & 9.91 & 6.75 \\ 
  Arb-plant & 54.16 & 32.77 & 383.85 & 21.92 & 29.60 \\ 
  Arb-revex & 1.28 & 4.35 & 8.04 & 20.49 & 0.11 \\ 
  Artificial & 13.21 & 11.40 & 6.77 & 1.55 & 44.79 \\ 
   \hline
\end{tabular}
\end{table}
% latex table generated in R 3.1.1 by xtable 1.7-4 package
% Thu Nov 12 12:17:58 2015
\begin{table}[p]
\centering
\caption{Cambios de cuberta 1985--2005 (porcentaxe sobre o total da área), Golfo Ártabro (GAP 1 )} 
\label{TaboaContinxPTGAP1}
\begin{tabular}{rrrrrr}
  \hline
 & SAU & Mato & Arb-plant & Arb-revex & Artificial \\ 
  \hline
SAU & 18.21 & 1.09 & 9.04 & 1.52 & 5.72 \\ 
  Mato & 2.02 & 4.77 & 6.57 & 0.78 & 0.53 \\ 
  Arb-plant & 4.25 & 2.57 & 30.11 & 1.72 & 2.32 \\ 
  Arb-revex & 0.10 & 0.34 & 0.63 & 1.61 & 0.01 \\ 
  Artificial & 1.04 & 0.89 & 0.53 & 0.12 & 3.51 \\ 
   \hline
\end{tabular}
\end{table}
% latex table generated in R 3.1.1 by xtable 1.7-4 package
% Thu Nov 12 12:17:58 2015
\begin{table}[p]
\centering
\caption{Cambios de cuberta 1985--2005 (porcentaxe sobre o total da fila), Golfo Ártabro (GAP 1 )} 
\label{TaboaContinxPFGAP1}
\begin{tabular}{rrrrrr}
  \hline
 & SAU & Mato & Arb-plant & Arb-revex & Artificial \\ 
  \hline
SAU & 51.18 & 3.07 & 25.39 & 4.28 & 16.07 \\ 
  Mato & 13.75 & 32.55 & 44.80 & 5.30 & 3.61 \\ 
  Arb-plant & 10.37 & 6.27 & 73.49 & 4.20 & 5.67 \\ 
  Arb-revex & 3.74 & 12.69 & 23.46 & 59.79 & 0.32 \\ 
  Artificial & 17.00 & 14.67 & 8.71 & 1.99 & 57.63 \\ 
   \hline
\end{tabular}
\end{table}
\clearpage
% latex table generated in R 3.1.1 by xtable 1.7-4 package
% Thu Nov 12 12:17:58 2015
\begin{table}[p]
\centering
\caption{Cambios de cuberta 1985--2005 (km²), A Mariña - Baixo Eo (GAP 2 )} 
\label{TaboaContinxGAP2}
\begin{tabular}{rrrrrr}
  \hline
 & SAU & Mato & Arb-plant & Arb-revex & Artificial \\ 
  \hline
SAU & 167.74 & 6.12 & 65.25 & 6.16 & 17.34 \\ 
  Mato & 16.63 & 52.95 & 84.69 & 4.77 & 1.72 \\ 
  Arb-plant & 27.36 & 18.78 & 390.18 & 10.75 & 4.61 \\ 
  Arb-revex & 1.67 & 1.20 & 10.84 & 10.21 & 0.11 \\ 
  Artificial & 2.92 & 3.60 & 6.10 & 0.07 & 7.13 \\ 
   \hline
\end{tabular}
\end{table}
% latex table generated in R 3.1.1 by xtable 1.7-4 package
% Thu Nov 12 12:17:58 2015
\begin{table}[p]
\centering
\caption{Cambios de cuberta 1985--2005 (porcentaxe sobre o total da área), A Mariña - Baixo Eo (GAP 2 )} 
\label{TaboaContinxPTGAP2}
\begin{tabular}{rrrrrr}
  \hline
 & SAU & Mato & Arb-plant & Arb-revex & Artificial \\ 
  \hline
SAU & 18.25 & 0.67 & 7.10 & 0.67 & 1.89 \\ 
  Mato & 1.81 & 5.76 & 9.22 & 0.52 & 0.19 \\ 
  Arb-plant & 2.98 & 2.04 & 42.46 & 1.17 & 0.50 \\ 
  Arb-revex & 0.18 & 0.13 & 1.18 & 1.11 & 0.01 \\ 
  Artificial & 0.32 & 0.39 & 0.66 & 0.01 & 0.78 \\ 
   \hline
\end{tabular}
\end{table}
% latex table generated in R 3.1.1 by xtable 1.7-4 package
% Thu Nov 12 12:17:58 2015
\begin{table}[p]
\centering
\caption{Cambios de cuberta 1985--2005 (porcentaxe sobre o total da fila), A Mariña - Baixo Eo (GAP 2 )} 
\label{TaboaContinxPFGAP2}
\begin{tabular}{rrrrrr}
  \hline
 & SAU & Mato & Arb-plant & Arb-revex & Artificial \\ 
  \hline
SAU & 63.87 & 2.33 & 24.85 & 2.35 & 6.60 \\ 
  Mato & 10.34 & 32.94 & 52.68 & 2.97 & 1.07 \\ 
  Arb-plant & 6.06 & 4.16 & 86.38 & 2.38 & 1.02 \\ 
  Arb-revex & 6.95 & 4.99 & 45.11 & 42.49 & 0.46 \\ 
  Artificial & 14.73 & 18.16 & 30.78 & 0.35 & 35.97 \\ 
   \hline
\end{tabular}
\end{table}
\clearpage
% latex table generated in R 3.1.1 by xtable 1.7-4 package
% Thu Nov 12 12:17:58 2015
\begin{table}[p]
\centering
\caption{Cambios de cuberta 1985--2005 (km²), Costa Sur - Baixo Miño (GAP 3 )} 
\label{TaboaContinxGAP3}
\begin{tabular}{rrrrrr}
  \hline
 & SAU & Mato & Arb-plant & Arb-revex & Artificial \\ 
  \hline
SAU & 168.61 & 10.00 & 65.26 & 13.96 & 52.35 \\ 
  Mato & 4.46 & 188.04 & 94.33 & 8.83 & 7.43 \\ 
  Arb-plant & 39.96 & 57.56 & 399.28 & 17.25 & 27.31 \\ 
  Arb-revex & 0.25 & 0.40 & 1.19 & 2.92 & 0.37 \\ 
  Artificial & 1.80 & 1.15 & 2.24 & 0.93 & 8.60 \\ 
   \hline
\end{tabular}
\end{table}
% latex table generated in R 3.1.1 by xtable 1.7-4 package
% Thu Nov 12 12:17:58 2015
\begin{table}[p]
\centering
\caption{Cambios de cuberta 1985--2005 (porcentaxe sobre o total da área), Costa Sur - Baixo Miño (GAP 3 )} 
\label{TaboaContinxPTGAP3}
\begin{tabular}{rrrrrr}
  \hline
 & SAU & Mato & Arb-plant & Arb-revex & Artificial \\ 
  \hline
SAU & 14.36 & 0.85 & 5.56 & 1.19 & 4.46 \\ 
  Mato & 0.38 & 16.01 & 8.03 & 0.75 & 0.63 \\ 
  Arb-plant & 3.40 & 4.90 & 34.00 & 1.47 & 2.33 \\ 
  Arb-revex & 0.02 & 0.03 & 0.10 & 0.25 & 0.03 \\ 
  Artificial & 0.15 & 0.10 & 0.19 & 0.08 & 0.73 \\ 
   \hline
\end{tabular}
\end{table}
% latex table generated in R 3.1.1 by xtable 1.7-4 package
% Thu Nov 12 12:17:58 2015
\begin{table}[p]
\centering
\caption{Cambios de cuberta 1985--2005 (porcentaxe sobre o total da fila), Costa Sur - Baixo Miño (GAP 3 )} 
\label{TaboaContinxPFGAP3}
\begin{tabular}{rrrrrr}
  \hline
 & SAU & Mato & Arb-plant & Arb-revex & Artificial \\ 
  \hline
SAU & 54.36 & 3.22 & 21.04 & 4.50 & 16.88 \\ 
  Mato & 1.47 & 62.04 & 31.12 & 2.91 & 2.45 \\ 
  Arb-plant & 7.38 & 10.63 & 73.75 & 3.19 & 5.04 \\ 
  Arb-revex & 4.87 & 7.80 & 23.20 & 56.92 & 7.21 \\ 
  Artificial & 12.23 & 7.81 & 15.22 & 6.32 & 58.42 \\ 
   \hline
\end{tabular}
\end{table}
\clearpage
% latex table generated in R 3.1.1 by xtable 1.7-4 package
% Thu Nov 12 12:17:58 2015
\begin{table}[p]
\centering
\caption{Cambios de cuberta 1985--2005 (km²), Ribeiras Encaixadas do Miño e do Sil (GAP 4 )} 
\label{TaboaContinxGAP4}
\begin{tabular}{rrrrrr}
  \hline
 & SAU & Mato & Arb-plant & Arb-revex & Artificial \\ 
  \hline
SAU & 359.04 & 146.63 & 181.25 & 57.12 & 43.39 \\ 
  Mato & 65.02 & 417.90 & 181.87 & 61.96 & 9.59 \\ 
  Arb-plant & 42.66 & 157.42 & 424.75 & 28.00 & 15.11 \\ 
  Arb-revex & 23.95 & 33.09 & 49.60 & 74.22 & 2.36 \\ 
  Artificial & 10.21 & 6.16 & 7.29 & 4.00 & 18.32 \\ 
   \hline
\end{tabular}
\end{table}
% latex table generated in R 3.1.1 by xtable 1.7-4 package
% Thu Nov 12 12:17:58 2015
\begin{table}[p]
\centering
\caption{Cambios de cuberta 1985--2005 (porcentaxe sobre o total da área), Ribeiras Encaixadas do Miño e do Sil (GAP 4 )} 
\label{TaboaContinxPTGAP4}
\begin{tabular}{rrrrrr}
  \hline
 & SAU & Mato & Arb-plant & Arb-revex & Artificial \\ 
  \hline
SAU & 14.83 & 6.06 & 7.49 & 2.36 & 1.79 \\ 
  Mato & 2.69 & 17.26 & 7.51 & 2.56 & 0.40 \\ 
  Arb-plant & 1.76 & 6.50 & 17.55 & 1.16 & 0.62 \\ 
  Arb-revex & 0.99 & 1.37 & 2.05 & 3.07 & 0.10 \\ 
  Artificial & 0.42 & 0.25 & 0.30 & 0.17 & 0.76 \\ 
   \hline
\end{tabular}
\end{table}
% latex table generated in R 3.1.1 by xtable 1.7-4 package
% Thu Nov 12 12:17:58 2015
\begin{table}[p]
\centering
\caption{Cambios de cuberta 1985--2005 (porcentaxe sobre o total da fila), Ribeiras Encaixadas do Miño e do Sil (GAP 4 )} 
\label{TaboaContinxPFGAP4}
\begin{tabular}{rrrrrr}
  \hline
 & SAU & Mato & Arb-plant & Arb-revex & Artificial \\ 
  \hline
SAU & 45.60 & 18.62 & 23.02 & 7.25 & 5.51 \\ 
  Mato & 8.83 & 56.75 & 24.70 & 8.41 & 1.30 \\ 
  Arb-plant & 6.39 & 23.57 & 63.59 & 4.19 & 2.26 \\ 
  Arb-revex & 13.07 & 18.06 & 27.07 & 40.51 & 1.29 \\ 
  Artificial & 22.21 & 13.40 & 15.85 & 8.70 & 39.84 \\ 
   \hline
\end{tabular}
\end{table}
\clearpage
% latex table generated in R 3.1.1 by xtable 1.7-4 package
% Thu Nov 12 12:17:58 2015
\begin{table}[p]
\centering
\caption{Cambios de cuberta 1985--2005 (km²), Serras Orientais (GAP 5 )} 
\label{TaboaContinxGAP5}
\begin{tabular}{rrrrrr}
  \hline
 & SAU & Mato & Arb-plant & Arb-revex & Artificial \\ 
  \hline
SAU & 261.93 & 151.50 & 56.93 & 166.70 & 12.43 \\ 
  Mato & 118.32 & 640.84 & 188.48 & 270.50 & 6.75 \\ 
  Arb-plant & 14.26 & 115.55 & 166.59 & 35.74 & 0.64 \\ 
  Arb-revex & 29.06 & 37.19 & 32.49 & 165.62 & 1.69 \\ 
  Artificial & 2.45 & 4.94 & 3.75 & 1.88 & 1.33 \\ 
   \hline
\end{tabular}
\end{table}
% latex table generated in R 3.1.1 by xtable 1.7-4 package
% Thu Nov 12 12:17:58 2015
\begin{table}[p]
\centering
\caption{Cambios de cuberta 1985--2005 (porcentaxe sobre o total da área), Serras Orientais (GAP 5 )} 
\label{TaboaContinxPTGAP5}
\begin{tabular}{rrrrrr}
  \hline
 & SAU & Mato & Arb-plant & Arb-revex & Artificial \\ 
  \hline
SAU & 10.53 & 6.09 & 2.29 & 6.70 & 0.50 \\ 
  Mato & 4.76 & 25.76 & 7.58 & 10.87 & 0.27 \\ 
  Arb-plant & 0.57 & 4.65 & 6.70 & 1.44 & 0.03 \\ 
  Arb-revex & 1.17 & 1.50 & 1.31 & 6.66 & 0.07 \\ 
  Artificial & 0.10 & 0.20 & 0.15 & 0.08 & 0.05 \\ 
   \hline
\end{tabular}
\end{table}
% latex table generated in R 3.1.1 by xtable 1.7-4 package
% Thu Nov 12 12:17:58 2015
\begin{table}[p]
\centering
\caption{Cambios de cuberta 1985--2005 (porcentaxe sobre o total da fila), Serras Orientais (GAP 5 )} 
\label{TaboaContinxPFGAP5}
\begin{tabular}{rrrrrr}
  \hline
 & SAU & Mato & Arb-plant & Arb-revex & Artificial \\ 
  \hline
SAU & 40.33 & 23.33 & 8.77 & 25.67 & 1.91 \\ 
  Mato & 9.66 & 52.32 & 15.39 & 22.08 & 0.55 \\ 
  Arb-plant & 4.29 & 34.72 & 50.06 & 10.74 & 0.19 \\ 
  Arb-revex & 10.92 & 13.98 & 12.21 & 62.25 & 0.64 \\ 
  Artificial & 17.07 & 34.43 & 26.13 & 13.10 & 9.27 \\ 
   \hline
\end{tabular}
\end{table}
\clearpage
% latex table generated in R 3.1.1 by xtable 1.7-4 package
% Thu Nov 12 12:17:58 2015
\begin{table}[p]
\centering
\caption{Cambios de cuberta 1985--2005 (km²), Chairas e Fosas Luguesas (GAP 6 )} 
\label{TaboaContinxGAP6}
\begin{tabular}{rrrrrr}
  \hline
 & SAU & Mato & Arb-plant & Arb-revex & Artificial \\ 
  \hline
SAU & 1260.45 & 186.22 & 282.63 & 125.54 & 79.42 \\ 
  Mato & 417.40 & 538.23 & 404.14 & 107.95 & 18.05 \\ 
  Arb-plant & 131.91 & 136.85 & 387.10 & 44.63 & 10.36 \\ 
  Arb-revex & 111.19 & 43.02 & 96.93 & 108.87 & 5.39 \\ 
  Artificial & 11.17 & 13.77 & 8.38 & 3.17 & 16.32 \\ 
   \hline
\end{tabular}
\end{table}
% latex table generated in R 3.1.1 by xtable 1.7-4 package
% Thu Nov 12 12:17:58 2015
\begin{table}[p]
\centering
\caption{Cambios de cuberta 1985--2005 (porcentaxe sobre o total da área), Chairas e Fosas Luguesas (GAP 6 )} 
\label{TaboaContinxPTGAP6}
\begin{tabular}{rrrrrr}
  \hline
 & SAU & Mato & Arb-plant & Arb-revex & Artificial \\ 
  \hline
SAU & 27.71 & 4.09 & 6.21 & 2.76 & 1.75 \\ 
  Mato & 9.18 & 11.83 & 8.88 & 2.37 & 0.40 \\ 
  Arb-plant & 2.90 & 3.01 & 8.51 & 0.98 & 0.23 \\ 
  Arb-revex & 2.44 & 0.95 & 2.13 & 2.39 & 0.12 \\ 
  Artificial & 0.25 & 0.30 & 0.18 & 0.07 & 0.36 \\ 
   \hline
\end{tabular}
\end{table}
% latex table generated in R 3.1.1 by xtable 1.7-4 package
% Thu Nov 12 12:17:58 2015
\begin{table}[p]
\centering
\caption{Cambios de cuberta 1985--2005 (porcentaxe sobre o total da fila), Chairas e Fosas Luguesas (GAP 6 )} 
\label{TaboaContinxPFGAP6}
\begin{tabular}{rrrrrr}
  \hline
 & SAU & Mato & Arb-plant & Arb-revex & Artificial \\ 
  \hline
SAU & 65.16 & 9.63 & 14.61 & 6.49 & 4.11 \\ 
  Mato & 28.09 & 36.23 & 27.20 & 7.27 & 1.21 \\ 
  Arb-plant & 18.56 & 19.25 & 54.46 & 6.28 & 1.46 \\ 
  Arb-revex & 30.43 & 11.77 & 26.53 & 29.79 & 1.48 \\ 
  Artificial & 21.15 & 26.07 & 15.87 & 6.00 & 30.90 \\ 
   \hline
\end{tabular}
\end{table}
\clearpage
% latex table generated in R 3.1.1 by xtable 1.7-4 package
% Thu Nov 12 12:17:58 2015
\begin{table}[p]
\centering
\caption{Cambios de cuberta 1985--2005 (km²), Galicia Central (GAP 7 )} 
\label{TaboaContinxGAP7}
\begin{tabular}{rrrrrr}
  \hline
 & SAU & Mato & Arb-plant & Arb-revex & Artificial \\ 
  \hline
SAU & 1058.04 & 111.88 & 316.22 & 75.30 & 109.88 \\ 
  Mato & 340.57 & 624.24 & 497.87 & 81.92 & 26.55 \\ 
  Arb-plant & 357.08 & 174.85 & 1057.12 & 70.91 & 43.57 \\ 
  Arb-revex & 35.59 & 11.55 & 37.78 & 29.49 & 1.62 \\ 
  Artificial & 19.06 & 4.85 & 12.58 & 3.57 & 25.76 \\ 
   \hline
\end{tabular}
\end{table}
% latex table generated in R 3.1.1 by xtable 1.7-4 package
% Thu Nov 12 12:17:58 2015
\begin{table}[p]
\centering
\caption{Cambios de cuberta 1985--2005 (porcentaxe sobre o total da área), Galicia Central (GAP 7 )} 
\label{TaboaContinxPTGAP7}
\begin{tabular}{rrrrrr}
  \hline
 & SAU & Mato & Arb-plant & Arb-revex & Artificial \\ 
  \hline
SAU & 20.63 & 2.18 & 6.17 & 1.47 & 2.14 \\ 
  Mato & 6.64 & 12.17 & 9.71 & 1.60 & 0.52 \\ 
  Arb-plant & 6.96 & 3.41 & 20.62 & 1.38 & 0.85 \\ 
  Arb-revex & 0.69 & 0.23 & 0.74 & 0.58 & 0.03 \\ 
  Artificial & 0.37 & 0.09 & 0.25 & 0.07 & 0.50 \\ 
   \hline
\end{tabular}
\end{table}
% latex table generated in R 3.1.1 by xtable 1.7-4 package
% Thu Nov 12 12:17:58 2015
\begin{table}[p]
\centering
\caption{Cambios de cuberta 1985--2005 (porcentaxe sobre o total da fila), Galicia Central (GAP 7 )} 
\label{TaboaContinxPFGAP7}
\begin{tabular}{rrrrrr}
  \hline
 & SAU & Mato & Arb-plant & Arb-revex & Artificial \\ 
  \hline
SAU & 63.31 & 6.69 & 18.92 & 4.51 & 6.57 \\ 
  Mato & 21.68 & 39.73 & 31.69 & 5.21 & 1.69 \\ 
  Arb-plant & 20.96 & 10.26 & 62.05 & 4.16 & 2.56 \\ 
  Arb-revex & 30.67 & 9.95 & 32.56 & 25.42 & 1.40 \\ 
  Artificial & 28.96 & 7.37 & 19.11 & 5.42 & 39.14 \\ 
   \hline
\end{tabular}
\end{table}
\clearpage
% latex table generated in R 3.1.1 by xtable 1.7-4 package
% Thu Nov 12 12:17:58 2015
\begin{table}[p]
\centering
\caption{Cambios de cuberta 1985--2005 (km²), Chairas, Fosas e Serras Ourensás (GAP 8 )} 
\label{TaboaContinxGAP8}
\begin{tabular}{rrrrrr}
  \hline
 & SAU & Mato & Arb-plant & Arb-revex & Artificial \\ 
  \hline
SAU & 493.21 & 167.78 & 92.94 & 140.46 & 28.04 \\ 
  Mato & 94.71 & 692.16 & 152.69 & 183.90 & 10.29 \\ 
  Arb-plant & 20.82 & 141.34 & 339.14 & 26.06 & 3.43 \\ 
  Arb-revex & 20.25 & 29.20 & 28.78 & 94.61 & 1.24 \\ 
  Artificial & 15.49 & 17.74 & 3.18 & 3.81 & 13.81 \\ 
   \hline
\end{tabular}
\end{table}
% latex table generated in R 3.1.1 by xtable 1.7-4 package
% Thu Nov 12 12:17:58 2015
\begin{table}[p]
\centering
\caption{Cambios de cuberta 1985--2005 (porcentaxe sobre o total da área), Chairas, Fosas e Serras Ourensás (GAP 8 )} 
\label{TaboaContinxPTGAP8}
\begin{tabular}{rrrrrr}
  \hline
 & SAU & Mato & Arb-plant & Arb-revex & Artificial \\ 
  \hline
SAU & 17.52 & 5.96 & 3.30 & 4.99 & 1.00 \\ 
  Mato & 3.36 & 24.59 & 5.42 & 6.53 & 0.37 \\ 
  Arb-plant & 0.74 & 5.02 & 12.05 & 0.93 & 0.12 \\ 
  Arb-revex & 0.72 & 1.04 & 1.02 & 3.36 & 0.04 \\ 
  Artificial & 0.55 & 0.63 & 0.11 & 0.14 & 0.49 \\ 
   \hline
\end{tabular}
\end{table}
% latex table generated in R 3.1.1 by xtable 1.7-4 package
% Thu Nov 12 12:17:58 2015
\begin{table}[p]
\centering
\caption{Cambios de cuberta 1985--2005 (porcentaxe sobre o total da fila), Chairas, Fosas e Serras Ourensás (GAP 8 )} 
\label{TaboaContinxPFGAP8}
\begin{tabular}{rrrrrr}
  \hline
 & SAU & Mato & Arb-plant & Arb-revex & Artificial \\ 
  \hline
SAU & 53.47 & 18.19 & 10.08 & 15.23 & 3.04 \\ 
  Mato & 8.35 & 61.05 & 13.47 & 16.22 & 0.91 \\ 
  Arb-plant & 3.92 & 26.63 & 63.89 & 4.91 & 0.65 \\ 
  Arb-revex & 11.63 & 16.77 & 16.53 & 54.35 & 0.71 \\ 
  Artificial & 28.67 & 32.83 & 5.89 & 7.05 & 25.56 \\ 
   \hline
\end{tabular}
\end{table}
\clearpage
% latex table generated in R 3.1.1 by xtable 1.7-4 package
% Thu Nov 12 12:17:58 2015
\begin{table}[p]
\centering
\caption{Cambios de cuberta 1985--2005 (km²), Serras Surorientais (GAP 9 )} 
\label{TaboaContinxGAP9}
\begin{tabular}{rrrrrr}
  \hline
 & SAU & Mato & Arb-plant & Arb-revex & Artificial \\ 
  \hline
SAU & 187.03 & 173.13 & 13.41 & 90.51 & 11.01 \\ 
  Mato & 60.42 & 887.16 & 37.27 & 125.79 & 16.60 \\ 
  Arb-plant & 5.49 & 138.83 & 183.37 & 9.51 & 0.67 \\ 
  Arb-revex & 19.16 & 43.40 & 6.57 & 138.52 & 1.49 \\ 
  Artificial & 6.16 & 4.68 & 0.43 & 2.76 & 5.18 \\ 
   \hline
\end{tabular}
\end{table}
% latex table generated in R 3.1.1 by xtable 1.7-4 package
% Thu Nov 12 12:17:58 2015
\begin{table}[p]
\centering
\caption{Cambios de cuberta 1985--2005 (porcentaxe sobre o total da área), Serras Surorientais (GAP 9 )} 
\label{TaboaContinxPTGAP9}
\begin{tabular}{rrrrrr}
  \hline
 & SAU & Mato & Arb-plant & Arb-revex & Artificial \\ 
  \hline
SAU & 8.62 & 7.98 & 0.62 & 4.17 & 0.51 \\ 
  Mato & 2.79 & 40.91 & 1.72 & 5.80 & 0.77 \\ 
  Arb-plant & 0.25 & 6.40 & 8.46 & 0.44 & 0.03 \\ 
  Arb-revex & 0.88 & 2.00 & 0.30 & 6.39 & 0.07 \\ 
  Artificial & 0.28 & 0.22 & 0.02 & 0.13 & 0.24 \\ 
   \hline
\end{tabular}
\end{table}
% latex table generated in R 3.1.1 by xtable 1.7-4 package
% Thu Nov 12 12:17:58 2015
\begin{table}[p]
\centering
\caption{Cambios de cuberta 1985--2005 (porcentaxe sobre o total da fila), Serras Surorientais (GAP 9 )} 
\label{TaboaContinxPFGAP9}
\begin{tabular}{rrrrrr}
  \hline
 & SAU & Mato & Arb-plant & Arb-revex & Artificial \\ 
  \hline
SAU & 39.37 & 36.44 & 2.82 & 19.05 & 2.32 \\ 
  Mato & 5.36 & 78.70 & 3.31 & 11.16 & 1.47 \\ 
  Arb-plant & 1.62 & 41.09 & 54.27 & 2.81 & 0.20 \\ 
  Arb-revex & 9.16 & 20.75 & 3.14 & 66.23 & 0.71 \\ 
  Artificial & 32.07 & 24.36 & 2.24 & 14.37 & 26.97 \\ 
   \hline
\end{tabular}
\end{table}
\clearpage
% latex table generated in R 3.1.1 by xtable 1.7-4 package
% Thu Nov 12 12:17:58 2015
\begin{table}[p]
\centering
\caption{Cambios de cuberta 1985--2005 (km²), Galicia Setentrional (GAP 10 )} 
\label{TaboaContinxGAP10}
\begin{tabular}{rrrrrr}
  \hline
 & SAU & Mato & Arb-plant & Arb-revex & Artificial \\ 
  \hline
SAU & 186.00 & 20.63 & 109.19 & 16.52 & 25.77 \\ 
  Mato & 58.34 & 269.98 & 182.75 & 27.46 & 13.38 \\ 
  Arb-plant & 34.93 & 60.55 & 439.30 & 20.05 & 8.49 \\ 
  Arb-revex & 7.57 & 13.65 & 42.33 & 35.59 & 0.42 \\ 
  Artificial & 2.44 & 17.40 & 6.83 & 0.88 & 12.16 \\ 
   \hline
\end{tabular}
\end{table}
% latex table generated in R 3.1.1 by xtable 1.7-4 package
% Thu Nov 12 12:17:58 2015
\begin{table}[p]
\centering
\caption{Cambios de cuberta 1985--2005 (porcentaxe sobre o total da área), Galicia Setentrional (GAP 10 )} 
\label{TaboaContinxPTGAP10}
\begin{tabular}{rrrrrr}
  \hline
 & SAU & Mato & Arb-plant & Arb-revex & Artificial \\ 
  \hline
SAU & 11.53 & 1.28 & 6.77 & 1.02 & 1.60 \\ 
  Mato & 3.62 & 16.74 & 11.33 & 1.70 & 0.83 \\ 
  Arb-plant & 2.17 & 3.75 & 27.24 & 1.24 & 0.53 \\ 
  Arb-revex & 0.47 & 0.85 & 2.62 & 2.21 & 0.03 \\ 
  Artificial & 0.15 & 1.08 & 0.42 & 0.05 & 0.75 \\ 
   \hline
\end{tabular}
\end{table}
% latex table generated in R 3.1.1 by xtable 1.7-4 package
% Thu Nov 12 12:17:58 2015
\begin{table}[p]
\centering
\caption{Cambios de cuberta 1985--2005 (porcentaxe sobre o total da fila), Galicia Setentrional (GAP 10 )} 
\label{TaboaContinxPFGAP10}
\begin{tabular}{rrrrrr}
  \hline
 & SAU & Mato & Arb-plant & Arb-revex & Artificial \\ 
  \hline
SAU & 51.94 & 5.76 & 30.49 & 4.61 & 7.20 \\ 
  Mato & 10.57 & 48.92 & 33.11 & 4.98 & 2.42 \\ 
  Arb-plant & 6.20 & 10.75 & 77.98 & 3.56 & 1.51 \\ 
  Arb-revex & 7.60 & 13.71 & 42.52 & 35.75 & 0.42 \\ 
  Artificial & 6.14 & 43.82 & 17.20 & 2.22 & 30.62 \\ 
   \hline
\end{tabular}
\end{table}
\clearpage
% latex table generated in R 3.1.1 by xtable 1.7-4 package
% Thu Nov 12 12:17:58 2015
\begin{table}[p]
\centering
\caption{Cambios de cuberta 1985--2005 (km²), Chairas e Fosas Occidentais (GAP 11 )} 
\label{TaboaContinxGAP11}
\begin{tabular}{rrrrrr}
  \hline
 & SAU & Mato & Arb-plant & Arb-revex & Artificial \\ 
  \hline
SAU & 414.00 & 22.87 & 114.47 & 12.19 & 47.95 \\ 
  Mato & 90.23 & 234.39 & 184.48 & 3.89 & 11.54 \\ 
  Arb-plant & 126.73 & 92.70 & 622.11 & 9.93 & 15.59 \\ 
  Arb-revex & 1.31 & 0.20 & 1.81 & 0.53 & 0.06 \\ 
  Artificial & 7.97 & 10.62 & 5.64 & 0.52 & 16.25 \\ 
   \hline
\end{tabular}
\end{table}
% latex table generated in R 3.1.1 by xtable 1.7-4 package
% Thu Nov 12 12:17:58 2015
\begin{table}[p]
\centering
\caption{Cambios de cuberta 1985--2005 (porcentaxe sobre o total da área), Chairas e Fosas Occidentais (GAP 11 )} 
\label{TaboaContinxPTGAP11}
\begin{tabular}{rrrrrr}
  \hline
 & SAU & Mato & Arb-plant & Arb-revex & Artificial \\ 
  \hline
SAU & 20.22 & 1.12 & 5.59 & 0.60 & 2.34 \\ 
  Mato & 4.41 & 11.44 & 9.01 & 0.19 & 0.56 \\ 
  Arb-plant & 6.19 & 4.53 & 30.38 & 0.48 & 0.76 \\ 
  Arb-revex & 0.06 & 0.01 & 0.09 & 0.03 & 0.00 \\ 
  Artificial & 0.39 & 0.52 & 0.28 & 0.03 & 0.79 \\ 
   \hline
\end{tabular}
\end{table}
% latex table generated in R 3.1.1 by xtable 1.7-4 package
% Thu Nov 12 12:17:58 2015
\begin{table}[p]
\centering
\caption{Cambios de cuberta 1985--2005 (porcentaxe sobre o total da fila), Chairas e Fosas Occidentais (GAP 11 )} 
\label{TaboaContinxPFGAP11}
\begin{tabular}{rrrrrr}
  \hline
 & SAU & Mato & Arb-plant & Arb-revex & Artificial \\ 
  \hline
SAU & 67.70 & 3.74 & 18.72 & 1.99 & 7.84 \\ 
  Mato & 17.20 & 44.69 & 35.17 & 0.74 & 2.20 \\ 
  Arb-plant & 14.62 & 10.69 & 71.75 & 1.15 & 1.80 \\ 
  Arb-revex & 33.50 & 5.12 & 46.29 & 13.55 & 1.53 \\ 
  Artificial & 19.44 & 25.90 & 13.76 & 1.27 & 39.63 \\ 
   \hline
\end{tabular}
\end{table}
\clearpage
% latex table generated in R 3.1.1 by xtable 1.7-4 package
% Thu Nov 12 12:17:58 2015
\begin{table}[p]
\centering
\caption{Cambios de cuberta 1985--2005 (km²), Rías Baixas (GAP 12 )} 
\label{TaboaContinxGAP12}
\begin{tabular}{rrrrrr}
  \hline
 & SAU & Mato & Arb-plant & Arb-revex & Artificial \\ 
  \hline
SAU & 408.35 & 39.24 & 163.35 & 21.80 & 140.72 \\ 
  Mato & 27.93 & 407.07 & 250.93 & 16.62 & 18.19 \\ 
  Arb-plant & 91.51 & 180.76 & 696.53 & 29.13 & 52.55 \\ 
  Arb-revex & 1.15 & 1.81 & 6.09 & 4.96 & 0.20 \\ 
  Artificial & 14.20 & 21.29 & 16.63 & 0.72 & 54.98 \\ 
   \hline
\end{tabular}
\end{table}
% latex table generated in R 3.1.1 by xtable 1.7-4 package
% Thu Nov 12 12:17:58 2015
\begin{table}[p]
\centering
\caption{Cambios de cuberta 1985--2005 (porcentaxe sobre o total da área), Rías Baixas (GAP 12 )} 
\label{TaboaContinxPTGAP12}
\begin{tabular}{rrrrrr}
  \hline
 & SAU & Mato & Arb-plant & Arb-revex & Artificial \\ 
  \hline
SAU & 15.31 & 1.47 & 6.13 & 0.82 & 5.28 \\ 
  Mato & 1.05 & 15.26 & 9.41 & 0.62 & 0.68 \\ 
  Arb-plant & 3.43 & 6.78 & 26.12 & 1.09 & 1.97 \\ 
  Arb-revex & 0.04 & 0.07 & 0.23 & 0.19 & 0.01 \\ 
  Artificial & 0.53 & 0.80 & 0.62 & 0.03 & 2.06 \\ 
   \hline
\end{tabular}
\end{table}
% latex table generated in R 3.1.1 by xtable 1.7-4 package
% Thu Nov 12 12:17:58 2015
\begin{table}[p]
\centering
\caption{Cambios de cuberta 1985--2005 (porcentaxe sobre o total da fila), Rías Baixas (GAP 12 )} 
\label{TaboaContinxPFGAP12}
\begin{tabular}{rrrrrr}
  \hline
 & SAU & Mato & Arb-plant & Arb-revex & Artificial \\ 
  \hline
SAU & 52.80 & 5.07 & 21.12 & 2.82 & 18.19 \\ 
  Mato & 3.88 & 56.48 & 34.82 & 2.31 & 2.52 \\ 
  Arb-plant & 8.71 & 17.21 & 66.31 & 2.77 & 5.00 \\ 
  Arb-revex & 8.09 & 12.74 & 42.86 & 34.90 & 1.41 \\ 
  Artificial & 13.17 & 19.75 & 15.42 & 0.67 & 50.99 \\ 
   \hline
\end{tabular}
\end{table}
\clearpage
